Frequency_Hz	Z_re_mOhm*cm2	Z_neg_imag_mOhm*cm2
575.280879853435	34.32458956790763	33.85561940163949
583.9601233008292	34.056228495842504	33.60823858252686
592.7703102046389	33.79031713433093	33.36186386507822
601.7134161044287	33.52685678234185	33.116539270369294
610.7914463446527	33.26584576731263	32.872307796498994
620.0064365243401	33.00727957258673	32.6292112975279
629.3604529535245	32.75115096882761	32.38729037145596
638.8555931166003	32.49745014881293	32.14658425731397
648.4939861426288	32.24616486502397	31.907130741409006
658.2777932827782	31.997280569450666	31.668966072723947
668.2092083949411	31.750780555046916	31.43212488743933
678.2904584356626	31.506646098282005	31.196640142510883
688.523803959518	31.264856602248376	30.962543058203785
698.9115396259832	31.025389739804286	30.729863069456826
709.455994713996	30.78822159624379	30.498627785918107
720.1595336442367	30.553326811009423	30.26886296047061
731.024556509333	30.32067871797805	30.040592466036987
742.0534996120182	30.090249483875866	29.813838280433746
753.2488360114556	29.862010244395037	29.58862047901873
764.6130760777579	29.635931237611718	29.36495723486009
776.1487680549166	29.411981934323233	29.142864826132023
787.8584986321956	29.190131164950078	28.922357650429618
799.7448935241441	28.970347242668787	28.7034482456766
811.8106180593918	28.752598082467667	28.486147317287134
824.0583777782795	28.536851315842743	28.270463771231523
836.4909190395581	28.323074400873526	28.056404752641726
849.1110296361879	28.111234727447115	27.843975689587406
861.9215394204826	27.901299717420265	27.633180341640706
874.9253209386292	27.69323691953849	27.42402085284575
888.1252900748336	27.48701409895331	27.216497808699952
901.5244067051499	27.282599321206813	27.010610296754045
915.1256753611723	27.079961030576833	26.806355970433053
928.932145903778	26.879068122700904	26.603731115680358
942.9469142069782	26.67989001142453	26.402730720029098
957.1731228521476	26.482396689841092	26.20334854370469
971.6139618326655	26.286558785518796	26.005577192368662
986.272669269251	26.092347609930776	25.809408191116297
1001.1525321360261	25.899735202132057	25.614832059349766
1016.2568869975942	25.708694366746577	25.421838386153347
1031.5891207571976	25.519198706353727	25.230415905809497
1047.1526714161623	25.33122264838319	25.040552573103362
1062.9510288448423	25.144741466648927	24.85223563807508
1078.9877355651327	24.959731297674796	24.66545171989498
1095.2663875448548	24.77616915198055	24.480186879547812
1111.7906350040598	24.594032920519027	24.296426691031808
1128.564183233564	24.41330137646847	24.11415631079185
1145.5907934257655	24.233954172603347	23.933360545127226
1162.8742835180597	24.0559718344781	23.75402391533088
1180.4185290489363	23.879335749673995	23.576130720339236
1198.2274640269911	23.704028153368988	23.39966509669139
1216.3050818130953	23.530032110500326	23.22461107561734
1234.655436015803	23.357331494799308	23.050952637099233
1253.2826414003448	23.18591096498158	22.878673760769107
1272.1908748112573	23.015755938383933	22.70775847353244
1291.3843761090122	22.846852562338235	22.538190893826844
1310.867449120693	22.679187683577645	22.369955272450945
1330.6444626051004	22.512748815966074	22.203036029918774
1350.7198512323323	22.3475241068427	22.037417790319733
1371.0981165782225	22.183502302266152	21.87308541168408
1391.783828133729	22.020672711439182	21.710024012877312
1412.781624329551	21.859025170586143	21.548218997066147
1434.0962135762602	21.698550006545762	21.38765607181857
1455.7323753200371	21.539238000333025	21.22832126592063
1477.6949611144323	21.38108035090915	21.070200943007865
1499.988895708198	21.224068639388495	20.913281812128268
1522.6191781496314	21.06819479389335	20.757550935365852
1545.59088290748	20.913451055255642	20.60299573267017
1568.90916100885	20.759829943744897	20.449603984046398
1592.5792411942234	20.60732422698748	20.297363829273117
1616.6064310898948	20.455926889222987	20.146263765322452
1640.996118398166	20.305631102025657	19.996292641664038
1665.7537721053975	20.156430196601768	19.847439653640937
1690.8849437083916	20.00831763775367	19.699694334107342
1716.39526845917	19.861286999585104	19.55304654352207
1742.2904666286418	19.715331943002088	19.407486458689675
1768.576344789224	19.570446195048508	19.263004560342495
1795.25879711692	19.426623530096077	19.11959161975137
1822.3438067129694	19.283857752893987	18.97723868455101
1849.8374469454386	19.142142683466762	18.83593706395898
1877.745882811126	19.00147214383377	18.695678313560162
1906.0753723179	18.861839946512035	18.556454219822605
1934.832267888016	18.723239884748498	18.418256784498723
1964.0230177824812	18.585665724419474	18.28107820905894
1993.6541675470328	18.44911119752192	18.144910879291633
2023.7323614798063	18.313569997174714	18.009747350194242
2054.2643441212654	18.179035774038248	17.875580331266587
2085.256961766532	18.04550213405598	17.742402672307033
2116.717164000529	17.912962637415685	17.610207349799175
2148.6520052563674	17.781410798623952	17.478987453963406
2181.068646397123	17.65084008758667	17.348736176537805
2213.9743563216075	17.521243931584532	17.219446799337465
2247.3765135942313	17.392615718035305	17.0911126836328
2281.2826080995974	17.264948797932764	16.963727260372718
2315.700242721909	17.138236489857142	16.837284021270662
2350.637135049869	17.01247208445239	16.711776510758316
2386.1011191071443	16.887648849271763	16.587198318804543
2422.1001471090854	16.76376003389594	16.463543074586042
2458.6422912458506	16.640798875235195	16.340804440989864
2495.7357454924313	16.518758602931598	16.218976109919264
2533.388827446088	16.397632444784346	16.09805179836833
2571.6099801913506	16.2774136321287	15.978025245226036
2610.407774193327	16.15809540510458	15.858890208763853
2649.7909092194045	16.039671017760224	15.740640464759677
2689.7682162901115	15.922133742941593	15.623269805205512
2730.3486596592475	15.805476876927274	15.506772037546478
2771.5413388240413	15.689693743774392	15.391140984395493
2813.3554905655337	15.574777699349356	15.276370483669387
2855.8004910197396	15.460722135023095	15.16245438909116
2898.88585778017	15.347520481016925	15.049386571004373
2942.6212520319064	15.235166209392105	14.937160917447988
2987.016480718053	15.12365283668016	14.825771335440633
3032.0814987386916	15.012973926157935	14.715211752427638
3077.826411183197	14.903123089774027	14.605476117845186
3124.26147559604	14.794093989739276	14.4965584047614
3171.3971042769626	14.685880339795345	14.38845261155549
3219.243866615724	14.578475906180392	14.281152763601998
3267.8124914620767	14.471874508311787	14.174652914929466
3317.113869531623	14.366070019207953	14.068947149827268
3367.159055847775	14.261056365673676	13.96402958437895
3417.95927222077	14.156827528272263	13.859894367902724
3469.525909763864	14.053377541110482	13.756535684285378
3521.870531447718	13.950700491459923	13.653947753197464
3575.004874693087	13.848790519240085	13.552124831182784
3628.9408540028444	13.747641816385787	13.451061212616619
3683.690563633573	13.647248626122137	13.350751230531404
3739.266280307455	13.547605242167748	13.251189257310253
3795.680465965232	13.44870600788569	13.1523697052508
3852.9457705604677	13.350545315400568	13.054287027004875
3911.0750348962165	13.253117604697193	12.95693571589958
3970.0812935042363	13.15641736271577	12.860310306148206
4029.977777567896	13.06043912245517	12.764405372958935
4090.77791788892	12.965177462095578	12.669215532551526
4152.495347899158	12.870627004148245	12.574735442091036
4215.143906717524	12.77678241464005	12.480959799549515
4278.737642253307	12.683638402337166	12.387883343504871
4343.290814356137	12.591189718012107	12.2955008528875
4408.817898013466	12.499431153756044	12.203807146683843
4475.333586596471	12.408357542336997	12.112797083605555
4542.852795154656	12.317963756604398	12.022465561733329
4611.390663760454	12.228244708937904	11.932807518142035
4680.962560903992	12.139195350739362	11.843817928514937
4751.58408693937	12.050810671964543	11.755491806752039
4823.27107758263	11.963085700692094	11.667824204578492
4896.039607462798	11.876015502725771	11.580810211156656
4969.905993726288	11.789595181226616	11.494444952705804
5044.8867996957	11.703819876371213	11.408723592131967
5120.998838584008	11.61868476503191	11.323641328669632
5198.259177264489	11.534185060476053	11.239193397537143
5276.685140097852	11.450316012079947	11.155375069605855
5356.294312816773	11.367072905055036	11.07218165108385
5437.104546469374	11.284451060182766	10.989608483213338
5519.1339614218605	11.202445833556084	10.907650941981716
5602.400951421863	11.121052616324732	10.826304437844746
5686.9241877228715	11.040266834442983	10.745564415461228
5772.722623270883	10.960083948418003	10.665426353437683
5859.815496954454	10.88049945305745	10.585885764081363
5948.222337918514	10.801508877216035	10.506938193160885
6037.96296994365	10.723107783539696	10.428579219672255
6129.057515891066	10.64529176820787	10.350804455609747
6221.526402215	10.568056460673056	10.273609545739708
6315.390363542825	10.491397523398504	10.196990167376773
6410.670447324622	10.415310651593655	10.120942030160974
6507.388018552649	10.33979157294833	10.045460875835348
6605.564764552009	10.264836047365941	9.970542478023198
6705.222699843867	10.190439866696085	9.896182642004247
6806.384171081621	10.116598854467723	9.822377204489882
6909.071862061998	10.04330886562287	9.749122033396599
7013.308798811293	9.970565786252074	9.67641302761816
7119.118354748809	9.898365533331603	9.604246116795908
7226.52425592773	9.82670405446354	9.532617261087939
7335.550586355532	9.755577327618557	9.46152245093671
7446.221793394185	9.684981360882414	9.390957706835977
7558.562693242287	9.614912192205933	9.320919079096775
7672.598476499599	9.545365889159111	9.251402647613261
7788.354713815524	9.476338548689398	9.182404521628612
7905.857361623126	9.407826296884043	9.113920839501134
8025.132767959183	9.339825288736984	9.045947768471406
8146.207678372552	9.27233170791973	8.978481504430286
8269.109241921164	9.205341766556725	8.911518271688676
8393.865017260016	9.138851705004448	8.845054322748691
8520.502978820474	9.072857791634748	8.779085938077161
8649.051523083324	9.007356322621629	8.71360942588113
8779.53947494611	8.942343621731693	8.648621121885911
8911.996094186537	8.877816040117944	8.58411738911576
9046.451082023746	8.813769956116374	8.520094617677042
9182.93458777803	8.750201775045777	8.456549224544467
9321.477215631625	8.687107929009779	8.393477653349835
9462.110031490889	8.624484876701587	8.330876374173904
9604.86456995263	8.562329103210642	8.268741883340839
9749.772841374906	8.500637119831483	8.20707070321569
9896.867339055103	8.4394054638742	8.145859382004385
10046.181046515898	8.378630698476693	8.085104493556578
10197.747444901153	8.31830941241835	8.024802637171055
10351.600520483797	8.258438219935005	7.964950437403529
10507.774772286355	8.19901376053532	7.905544543877068
10666.305219817126	8.140032698818063	7.846581631094544
10827.227410922393	8.081491724290709	7.788058398253598
10990.57742975778	8.02338755118881	7.729971569063425
11156.391904879185	7.965716918296489	7.672317891563777
11324.70801745645	7.908476588767641	7.61509413794565
11495.563509610482	7.8516633499481845	7.558297104373968
11668.996692876164	7.795274013199071	7.501923610811865
11845.046456793423	7.739305413720078	7.445970500846522
12023.752277627185	7.683754410374582	7.390434641516701
12205.154227219662	7.628617885514975	7.335312923141531
12389.292981975412	7.573892744809143	7.280602259150881
12576.209831982756	7.519575917067567	7.2262995859168235
12765.946690272	7.465664354071538	7.172401862586592
12958.546102214086	7.412155030402039	7.118906070916505
13154.051255060556	7.359044943269713	7.0658092151071985
13352.505987627417	7.306331112345753	7.013108321639978
13553.95480012564	7.254010579593645	6.96080043911407
13758.442864139184	7.202080409102082	6.908882638085175
13966.016032754404	7.150537686918731	6.8573520109047825
14176.720850841415	7.099379520885216	6.806205671560706
14390.604565491467	7.048603040473009	6.7554407555184195
14607.715136610866	6.998205396620601	6.70505441956352
14828.101247675662	6.948183761571596	6.655043841645005
15051.812316647642	6.898535328714149	6.605406220719653
15278.898507055916	6.849257312421381	6.556138776597228
15509.41073924509	6.800346947893068	6.507238749786721
