Frequency_Hz	Z_re_mOhm*cm2	Z_neg_imag_mOhm*cm2
575.280879853435	34.31826001087269	33.84868642301015
583.9601233008292	34.04994183217946	33.60137789203077
592.7703102046389	33.78407229929387	33.35507390008936
601.7134161044287	33.52065279087431	33.109818475693835
610.7914463446527	33.259681711928344	32.865654628098525
620.0064365243401	33.00115462108678	32.622624226053844
629.3604529535245	32.74506436186817	32.38076788558927
638.8555931166003	32.49140119733776	32.14012486690489
648.4939861426288	32.24015294757607	31.90073298041271
658.2777932827782	31.991305129377132	31.662628501928697
668.2092083949411	31.744841097611154	31.425846096985016
678.2904584356626	31.50074218769753	31.19041875419639
688.523803959518	31.25898785864753	30.956377727582485
698.9115396259832	31.019555836155856	30.723752487720674
709.455994713996	30.782422255232586	30.492570681571138
720.1595336442367	30.547561801890893	30.262858100793775
731.024556509333	30.314947853420485	30.034638658346744
742.0534996120182	30.084552616802444	29.80793437313762
753.2488360114556	29.856347264837662	29.58276536247177
764.6130760777579	29.63030206958784	29.35914984202653
776.1487680549166	29.40638653274697	29.137104133057495
787.8584986321956	29.18456951258754	28.916642676529133
799.7448935241441	28.964819347148175	28.697778053844797
811.8106180593918	28.747103973353163	28.480521013837258
824.0583777782795	28.531391041781223	28.264880505670057
836.4909190395581	28.317648026822564	28.050863717286497
849.1110296361879	28.105842331991763	27.83847611903666
861.9215394204826	27.895941390186053	27.627721512101534
874.9253209386292	27.68791275870713	27.418602081330317
888.1252900748336	27.481724208887005	27.2111184520984
901.5244067051499	27.277343810186704	27.00526975079291
915.1256753611723	27.074740008660058	26.801053668528482
928.932145903778	26.87388169970064	26.598466527695564
942.9469142069782	26.674738295016244	26.397503350945403
957.1731228521476	26.477279783797965	26.19815793221585
971.6139618326655	26.281476788078294	26.00042290940799
986.272669269251	26.087300612294143	25.80428983832625
1001.1525321360261	25.894723287097396	25.609749267503567
1016.2568869975942	25.70371760747588	25.416790813538118
1031.5891207571976	25.51425716527341	25.225403236580338
1047.1526714161623	25.32631637621717	25.035574515617526
1062.9510288448423	25.139870501582738	24.84729192321531
1078.9877355651327	24.954895664648326	24.660542099390824
1095.2663875448548	24.77136886210694	24.47531112430332
1111.7906350040598	24.589267970626246	24.291584589467938
1128.564183233564	24.408571748759837	24.109347667211253
1145.5907934257655	24.22925983443275	23.92858517810905
1162.8742835180597	24.051312738235072	23.749281656162413
1180.4185290489363	23.874711832773613	23.571421411491215
1198.2274640269911	23.6994393383409	23.394988590342777
1216.3050818130953	23.525478305171113	23.21996723223541
1234.655436015803	23.352812592561964	23.046341324079926
1253.2826414003448	23.18142684514565	22.874094851142182
1272.1908748112573	23.011306466599596	22.703211844735396
1291.3843761090122	22.842437591087524	22.533676426550937
1310.867449120693	22.674807052725857	22.365472849562313
1330.6444626051004	22.5084023533663	22.19858553545661
1350.7198512323323	22.34321162898644	22.03299910857338
1371.0981165782225	22.179223614972837	21.868698426350054
1391.783828133729	22.016427610577907	21.705668606296708
1412.781624329551	21.854813442822458	21.54389504954247
1434.0962135762602	21.694371430106997	21.383363461015367
1455.7323753200371	21.535092345785515	21.224059866337825
1477.6949611144323	21.376967381941274	21.065970625535243
1499.988895708198	21.219988113593278	20.909082443674038
1522.6191781496314	21.064146463545274	20.75338237855786
1545.59088290748	20.909434668076038	20.598857845626892
1568.90916100885	20.755845243651102	20.445496620214417
1592.5792411942234	20.603370954821237	20.293286837327727
1616.6064310898948	20.452004783453773	20.14221698912738
1640.996118398166	20.301739899425293	19.9922759202863
1665.7537721053975	20.15256963288713	19.84345282141673
1690.8849437083916	20.004487448194446	19.695737220754346
1716.39526845917	19.857486919574363	19.549118974293812
1742.2904666286418	19.711561708587677	19.403588254567392
1768.576344789224	19.566705543423748	19.259135538259812
1795.25879711692	19.422912200048753	19.115751592847346
1822.3438067129694	19.280175485212993	18.97342746244702
1849.8374469454386	19.138489221306017	18.832154453054866
1877.745882811126	18.997847233033873	18.69192411734564
1906.0753723179	18.858243335879784	18.55272823919952
1934.832267888016	18.719671326295504	18.41455881811039
1964.0230177824812	18.582124973560756	18.277408053622803
1993.6541675470328	18.44559801323611	18.141268329931705
2023.7323614798063	18.31008414212752	18.006132200770146
2054.2643441212654	18.175577014671095	17.871992374696152
2085.256961766532	18.042070240641994	17.73884170087996
2116.717164000529	17.90955738408523	17.606673155479076
2148.6520052563674	17.77803196336224	17.47547982867648
2181.068646397123	17.647487452205763	17.345254912446038
2213.9743563216075	17.517917281672517	17.215991689095116
2247.3765135942313	17.389314842884986	17.087683520624775
2281.2826080995974	17.261673490452687	16.96032383893411
2315.700242721909	17.134986546467363	16.833906136886664
2350.637135049869	17.0092473049675	16.70842396024421
2386.1011191071443	16.88444903677374	16.583870900465683
2422.1001471090854	16.760584994599036	16.46024058835782
2458.6422912458506	16.637648418345034	16.33752668855806
2495.7357454924313	16.515632540500803	16.215722894821383
2533.388827446088	16.394530591566387	16.094822926076443
2571.6099801913506	16.27433580543184	15.974820523212045
2610.407774193327	16.15504142464764	15.855709446548236
2649.7909092194045	16.036640705531447	15.737483473944641
2689.7682162901115	15.919126923061967	15.620136399493882
2730.3486596592475	15.802493375519386	15.503662032747359
2771.5413388240413	15.68673338883778	15.38805419841821
2813.3554905655337	15.571840320643004	15.273306736506807
2855.8004910197396	15.45780756395575	15.15941350279383
2898.88585778017	15.344628550545599	15.04636836964666
2942.6212520319064	15.232296753929036	14.934165227087584
2987.016480718053	15.120805692008387	14.822797984072595
3032.0814987386916	15.010148929355445	14.71226056993413
3077.826411183197	14.900320079146395	14.602546935942023
3124.26147559604	14.791312804760494	14.493651056942422
3171.3971042769626	14.683120821056681	14.385566933035774
3219.243866615724	14.575737895346702	14.278288591260635
3267.8124914620767	14.469157848084931	14.171810087252734
3317.113869531623	14.363374553296792	14.066125506852936
3367.159055847775	14.258381938770052	13.961228967642148
3417.95927222077	14.154173986032482	13.85711462038399
3469.525909763864	14.050744730141595	13.75377665036121
3521.870531447718	13.948088259310321	13.651209278593665
3575.004874693087	13.846198714393726	13.54940676293088
3628.9408540028444	13.745070288259587	13.448363399013438
3683.690563633573	13.644697225065881	13.348073521101963
3739.266280307455	13.545073819466095	13.24853150277385
3795.680465965232	13.44619441576166	13.14973175749037
3852.9457705604677	13.348053407020222	13.051668739039473
3911.0750348962165	13.25064523417501	12.954336941859843
3970.0812935042363	13.153964385120348	12.857730901254634
4029.977777567896	13.058005393815007	12.761845193502792
4090.77791788892	12.962762839404624	12.666674435878148
4152.495347899158	12.868231345371017	12.572213286585303
4215.143906717524	12.774405578716092	12.47845644462324
4278.737642253307	12.6812802491848	12.385398649585916
4343.290814356137	12.588850108531267	12.293034681410296
4408.817898013466	12.49710994983024	12.201359360081165
4475.333586596471	12.406054606834305	12.110367545301314
4542.852795154656	12.315678953377452	12.020054136136118
4611.390663760454	12.22597790282299	11.930414070639358
4680.962560903992	12.136946407554612	11.841442325467845
4751.58408693937	12.04857945850723	11.753133915490073
4823.27107758263	11.960872084735225	11.66548389339481
4896.039607462798	11.873819353013918	11.578487349303233
4969.905993726288	11.787416367471158	11.492139410388596
5044.8867996957	11.701658269245048	11.406435240506005
5120.998838584008	11.616540236163706	11.321370039833926
5198.259177264489	11.532057482444172	11.236939044529482
5276.685140097852	11.448205258406059	11.153137526397348
5356.294312816773	11.364978850197552	11.069960792573276
5437.104546469374	11.282373579530127	10.987404185221301
5519.1339614218605	11.200384803419972	10.905463081244605
5602.400951421863	11.119007913933276	10.8241328920085
5686.9241877228715	11.038238337933974	10.743409063074985
5772.722623270883	10.958071536832165	10.663287073947258
5859.815496954454	10.87850300633182	10.583762437822683
5948.222337918514	10.79952827617741	10.50483070135332
6037.96296994365	10.721142909898239	10.426487444411933
6129.057515891066	10.643342504550827	10.34872827986287
6221.526402215	10.566122690458588	10.271548853335872
6315.390363542825	10.489479130949647	10.19494484300235
6410.670447324622	10.413407522092418	10.11891195935256
6507.388018552649	10.337903592429871	10.043445944973293
6605.564764552009	10.262963102712837	9.96854257432521
6705.222699843867	10.188581845632703	9.894197653519159
6806.384171081621	10.114755645554636	9.820407020091476
6909.071862061998	10.041480358251322	9.747166542777574
7013.308798811293	9.968751870638492	9.674472121284223
7119.118354748809	9.896566100512121	9.602319686059964
7226.52425592773	9.824918996288533	9.530705198064403
7335.550586355532	9.753806536747181	9.459624648535906
7446.221793394185	9.683224730777146	9.389074058758663
7558.562693242287	9.613169617127069	9.31904947982873
7672.598476499599	9.543637264159257	9.249546992419962
7788.354713815524	9.474623769607957	9.180562706549974
7905.857361623126	9.406125260341632	9.112092761346288
8025.132767959183	9.338137892129875	9.044133324813572
8146.207678372552	9.270657849414238	8.976680593601662
8269.109241921164	9.203681345083567	8.909730792775331
8393.865017260016	9.137204620253105	8.843280175585514
8520.502978820474	9.07122394404781	8.777325023242836
8649.051523083324	9.005735613389126	8.711861644693094
8779.53947494611	8.940735952785415	8.646886376395322
8911.996094186537	8.876221314125784	8.582395582102498
9046.451082023746	8.812188076476662	8.518385652644678
9182.93458777803	8.74863264588163	8.45485300571524
9321.477215631625	8.685551455163479	8.391794085659644
9462.110031490889	8.622940963728986	8.329205363267285
9604.86456995263	8.560797657375561	8.26708333556592
9749.772841374906	8.499118048100211	8.205424525619192
9896.867339055103	8.437898673909972	8.14422548232659
10046.181046515898	8.377136098634228	8.083482780226305
10197.747444901153	8.316826911738447	8.023193019300646
10351.600520483797	8.256967728139175	7.963352824783855
10507.774772286355	8.197555188020452	7.903958846972505
10666.305219817126	8.138585956651173	7.845007761038015
10827.227410922393	8.080056724203738	7.7864962668415965
10990.57742975778	8.021964205573424	7.72842108875105
11156.391904879185	7.9643051401989995	7.670778975459811
11324.70801745645	7.907076291883953	7.613566699807668
11495.563509610482	7.850274448618769	7.556781058603419
11668.996692876164	7.793896422404054	7.50041887244924
11845.046456793423	7.73793904907431	7.44447698556652
12023.752277627185	7.682399188122825	7.388952265623428
12205.154227219662	7.627273722527091	7.333841603563738
12389.292981975412	7.572559558575362	7.27914191343723
12576.209831982756	7.518253625693793	7.2248501322312
12765.946690272	7.464352876274692	7.170963219703433
12958.546102214086	7.410854285505474	7.117478158216174
13154.051255060556	7.357754851198658	7.064391952571413
13352.505987627417	7.305051593622794	7.011701629847246
13553.95480012564	7.252741555334251	6.9594042392351865
13758.442864139184	7.200821801010199	6.907496851878754
13966.016032754404	7.149289417282364	6.855976560712809
14176.720850841415	7.0981415125721	6.804840480304162
14390.604565491467	7.047375216926282	6.754085746692908
14607.715136610866	6.996987681854528	6.703709517234959
14828.101247675662	6.94697608016733	6.653708970445338
15051.812316647642	6.89733760581551	6.604081305842616
15278.898507055916	6.848069473730682	6.554823743794135
15509.41073924509	6.799168919666982	6.505933525362293
